		Forecast					V1					V2					10322	8670	1652							
Date	Open Balances	Closed	Avg discrep	New Cases		Open Balances	Closed	Discrep	New Cases		Open Balances	Closed	Discrep	New Cases		Forecasted		14	7							
1/1/2022	1366	220		254	0.84	1963			468		1,963			468	2022			619	236							
2/1/2022	1400			254	0.84	2431			503		2,431			503												
3/1/2022	1653	630	80	732	0.84	2934	857	143	1212		2,934	857	143	1212			675									
4/1/2022	1676	630	80	732	0.84	3146	727	90	1039		3,146	727	90	1039												
5/1/2022	1698	630	80	732	0.84	3368	949	86	826		3,368	949	86	826				 								
6/1/2022	1720	630	80	732	0.84	3159	942	153	828		3,159	942	153	828												
7/1/2022	1742	630	80	732	0.84	2892	769	140	750		2,892	769	140	750												
8/1/2022	1764	160		254	0.16	2733			335		2,733			335												
9/1/2022	1858			254	0.16	3068			326		3,068			326												
10/1/2022	2112	630	80	732	0.84	3394	767	138	824		3,394	767	138	824												
11/1/2022	2134	630	80	732	0.84	3313	670	80	619		3,313	856	108	746												
12/1/2022	2156	630	80	732	0.84	3182	670	80	619		3,095	831	208	708												
13/1/2022	2178	630	80	732	0.84	3052	670	80	619		2,764	658	91	658												
14/1/2022	2200	630	80	732	0.84	2921	670	80	619		2,545	680	380	654												
15/1/2022	2222	220		254	0.16	2790			236		2,139	11		326												
16/1/2022	2256			254	0.16	3026			236		2,454			268												
17/1/2022	2510	630	80	732	0.84	3262	670	80	619		2,722	766	-157	661												
18/1/2022	2532	630	80	732	0.84	3131	670	80	619		2,774	772	243	700												
19/1/2022	2554	630	80	732	0.84	3001	670	80	619		2,459	750	206	789												
20/1/2022	2576	630	80	732	0.84	2870	670	80	619		2,292	786	86	691												
21/1/2022	2598	630	80	732	0.84	2739	670	80	619		2,111	651	275	606												
22/1/2022	2621	160		254	0.16	2609			236		1,791			276												
23/1/2022	2714			254	0.16	2845			236		2,067			230												
24/1/2022	2968	630	80	732	0.84	3081	670	80	619		2,297	675	128	589												
25/1/2022	2990	630	80	732	0.84	2950	670	80	619		2,083	770	-3	607												
26/1/2022	3012	630	80	732	0.84	2819	670	80	619		1,923	883	364	571												
27/1/2022	3034	630	80	732	0.84	2689	670	80	619		1,247	810	27	566												
28/1/2022	3056	630	80	732	0.84	2558	670	80	619		976	530	131	462												
29/1/2022	3079	220		254	0.16	2427			236		777			244												
30/1/2022	3112			254	0.16	2663			236		1,021			174												
31/1/2022	3366	300	40	254	0.16	2899	335	40	236		1,195	411	-45	389												
1/2/2022	3279					2760					1,218			142												
2/2/2022											1,360			196												
3/2/2022											1,556	680	7	547												
4/2/2022											1,416	553	201	585												
5/2/2022											1,247			275												
6/2/2022											1,522			275												
7/2/2022											1,797	684	45	686												
8/2/2022											1,754	626	90	646												
9/2/2022											1,684	673	178	621												
10/2/2022											1,454	690	105	530												
11/2/2022											1,189	623	178	568												
12/2/2022											956	0		273												
13/2/2022											1,229	0		225												
14/2/2022											1,454	521	13	525												
15/2/2022											1,445	593	211	548												
16/2/2022											1,189	642	118	608												
17/2/2022											1,037	608	73	681												
18/2/2022											1,037	477	49	599												
19/2/2022											1,110	19		330												
20/2/2022											1,421	0		312												
21/2/2022											1,733	614	99	767												
22/2/2022											1,787	549	160	722												
23/2/2022											1,800	651	48	638												
24/2/2022											1,739	690	268	591												
25/2/2022											1,372	642	41	561												
26/2/2022											1,250			293												
27/2/2022											1,543			243												
28/2/2022											1,786	673	124	633												
1/3/2022											1,622	659	0	655												
2/3/2022											1,618	740	191	719												
3/3/2022											1,406	681	87	695												
4/3/2022											1,333	609	124	619												
5/3/2022											1,219			275												
6/3/2022											1,494			275												
7/3/2022											1,769	530	-39	670												
8/3/2022											1,948	645	183	675												
9/3/2022											1,795	659	122	650												
10/3/2022											1,664	564	170	605												
11/3/2022											1,535	515	65	588												
12/3/2022											1,543			249												
13/3/2022											1,792			260												
14/3/2022											2,052	575	175	656												
15/3/2022											1,958	562	73	664												
16/3/2022											1,987	719	200	631												
17/3/2022											1,699	581	102	647												
18/3/2022											1,663	529	101	582												
19/3/2022											1,615			244												
20/3/2022											1,859			247												
21/3/2022											2,106	571	182	693												
22/3/2022											2,046	551	188	598												
23/3/2022											1,905	691	108	597												
24/3/2022											1,703	599	153	571												
25/3/2022											1,522	479	123	638												
26/3/2022											1,558	0		260												
27/3/2022											1,818	0		238												
28/3/2022											2,056	526	192	600												
29/3/2022											1,938	572	185	584												
30/3/2022											1,765	656	166	642												
31/3/2022											1,585	510	84	569												
1/4/2022											1,560	544	223	565												
2/4/2022											1,358	0		218												
3/4/2022											1,576	0		296												
4/4/2022											1,872	625	99	627												
5/4/2022											1,775	563	173	653												
6/4/2022											1,692	608	6	641												
7/4/2022											1,719	589	1	640												
8/4/2022											1,769	549	222	567												
9/4/2022											1,565	0		230												
10/4/2022											1,795	0		298												
11/4/2022											2,093	563	73	652												
12/4/2022											2,109	600	155	577												
13/4/2022											1,931	606	161	548												
14/4/2022											1,712	501	160	566												
15/4/2022											1,617	1		239												
16/4/2022											1,855	11		209												
17/4/2022											2,053	0		258												
18/4/2022											2,311	546	-11	567												
19/4/2022											2,343	570	246	595												
20/4/2022											2,122	691	184	633												
21/4/2022											1,880	504	117	691												
22/4/2022											1,950	516	119	769												
23/4/2022											2,084	0		315												
24/4/2022											2,399	0		223												
25/4/2022											2,622	756	-832	648												
26/4/2022											3,346	1113	165	657												
27/4/2022											2,725	1146	150	624												
28/4/2022											2,053	654	156	559												
29/4/2022											1,802	503		489												
30/4/2022											1,788			191												
1/5/2022											1,979			152												
2/5/2022											2,131	21	196	217												
3/5/2022											2,131	48	260	205												
4/5/2022											2,028	624	-140	548												
5/5/2022											2,092	595	217	642												
6/5/2022											1,922	516	242	624												
7/5/2022											1,788	6		217												
8/5/2022											1,999	2		182												
9/5/2022											2,179	622	54	551												
10/5/2022											2,054	652	222	572												
11/5/2022											1,752	665	173	571												
12/5/2022											1,485	599	153	535												
13/5/2022											1,268	499	163	475												
14/5/2022											1,081	7		238												
15/5/2022											1,312	8		187												
16/5/2022											1,491	0		247												
17/5/2022											1,738	549	13	568												
18/5/2022											1,744	574	501	549												
19/5/2022											1,218	575	-136	545												
20/5/2022											1,324	557	158	492												
21/5/2022											1,101	4		270												
22/5/2022											1,367	0		235												
23/5/2022											1,602	551	51	591												
24/5/2022											1,591	526	171	588												
25/5/2022											1,482	541	233	603												
26/5/2022											1,311	530	171	541												
27/5/2022											1,151	463	140	537												
28/5/2022											1,085			234												
29/5/2022											1,319			203												
30/5/2022											1,522	487	115	578												
31/5/2022											1,498	560	153	552												
1/6/2022											1,337	539	124	517												
2/6/2022											1,191	476	93	554												
3/6/2022											1,176	445	169	450												
4/6/2022											1,012	1		197												
5/6/2022											1,208	7		176												
6/6/2022											1,377	461	72	535												
7/6/2022											1,379	503	165	529												
8/6/2022											1,240	506	159	460												
9/6/2022											1,035	481	155	495												
10/6/2022											894	350	61	419												
11/6/2022											902	0		184												
12/6/2022											1,086	11		179												
13/6/2022											1,254	499	80	576												
14/6/2022											1,251	431	156	528												
15/6/2022											1,192	486	183	527												
16/6/2022											1,050	427	143	542												
17/6/2022											1,022	342	147	499												
18/6/2022											1,032	0		158												
19/6/2022											1,190	0		163												
20/6/2022											1,353	449	203	467												
21/6/2022											1,168	498	60	555												
22/6/2022											1,165	467	140	529												
23/6/2022											1,087	417	122	478												
24/6/2022											1,026	401	379	442												
25/6/2022											688			226												
26/6/2022											914			185												
27/6/2022											1,099	430	95	528												
28/6/2022											1,102	442	206	500												
29/6/2022											954	487	109	534												
30/6/2022											892	432	124	442												
1/7/2022											968	361	85	429												
2/7/2022											951			178												
3/7/2022											1,129			172												
4/7/2022											1,301	409	56	462												
5/7/2022											1,298	480	121	507												
6/7/2022											1,204	476	40	537												
7/7/2022											1,225	407	121	491												
8/7/2022											1,188	369	146	375												
9/7/2022											1,048			200												
10/7/2022											1,248			66												
11/7/2022											1,314			105												
12/7/2022											1,419	407	-116	533												
13/7/2022											1,661	503	146	488												
14/7/2022											1,500	443	63	432												
15/7/2022											1,426	417	136	456												
16/7/2022											1,329			193												
17/7/2022											1,522			196												
18/7/2022											1,718	421	41	532												
19/7/2022											1,788	410	288	496												
20/7/2022											1,586	429	38	460												
21/7/2022											1,579	453	97	569												
22/7/2022											1,598	371	486	503												
23/7/2022											1,244			217												
24/7/2022											1,461			181												
25/7/2022											1,642	524	-142	623												
26/7/2022											1,883	482	10	546												
27/7/2022											1,937	478	153	510												
28/7/2022											1,816	441	129	486												
29/7/2022											1,732	346	196	435												
30/7/2022											1,625	0		211												
31/7/2022											1,836	0		203												
1/8/2022											2,039	474	20	549												
2/8/2022											2,094	460	184	484												
3/8/2022											1,934	465	195	477												
4/8/2022											1,751	488	128	456												
5/8/2022											1,591	393	97	427												
6/8/2022											1,528	1		177												
7/8/2022											1,704	0		147												
8/8/2022											1,851	417	-82	419												
9/8/2022											1,935	0	164	172												
10/8/2022											1,943	444	179	431												
11/8/2022											1,751	406	132	480												
12/8/2022											1,693	261	103	436												
13/8/2022											1,765			204												
14/8/2022											1,969			182												
15/8/2022											2,151	408	102	479												
16/8/2022											2,120	374	106	486												
17/8/2022											2,126	379	117	462												
18/8/2022											2,092	400	149	486												
19/8/2022											2,029	360	161	402												
20/8/2022											1,910			176												
21/8/2022											2,086			160												
22/8/2022											2,246	399	71	441												
23/8/2022											2,217	438	198	413												
24/8/2022											1,994	428	174	495												
25/8/2022											1,887	396	151	550												
26/8/2022											1,890	336	72	479												
27/8/2022											1,961	0		198												
28/8/2022											2,159	0		160												
29/8/2022											2,319	382	149	491												
30/8/2022											2,279	448	153	492												
31/8/2022											2,170	389	193	410												
1/9/2022											1,998	413	144	530												
2/9/2022											1,971	366	69	477												
3/9/2022											2,013			203												
4/9/2022											2,216			152												
5/9/2022											2,368	344	116	563												
6/9/2022											2,471	350	69	502												
7/9/2022											2,554	429	137	517												
8/9/2022											2,505	485	221	522												
9/9/2022											2,321	351	90	404												
10/9/2022											2,284	0		184												
11/9/2022											2,468	0		43												
12/9/2022											2,511	435	40	524												
13/9/2022											2,560	414	104	496												
14/9/2022											2,538	436	183	474												
15/9/2022											2,393	378	64	494												
16/9/2022											2,445	430	110	407												
17/9/2022											2,312	6	0	166												
18/9/2022											2,472	60	0	152												
19/9/2022											2,532	416	231	513												
20/9/2022											2,398	440	222	489												
21/9/2022											2,225	463	111	554												
22/9/2022											2,205	421	56	440												
23/9/2022											2,168	418	109	427												
24/9/2022											2,068	0		143												
25/9/2022											2,211	0		142												
26/9/2022											2,353	414	108	506												
27/9/2022											2,337	482	74	523												
28/9/2022											2,304	506	36	501												
29/9/2022											2,263	450	100	519												
30/9/2022											2,275	384	100	495												
1/10/2022											2,090	2		219												
2/10/2022											2,307	0		189												
3/10/2022											2,496	418	-7	541												
4/10/2022											2,626	430	83	466												
5/10/2022											2,579	450	145	447												
6/10/2022											2,431	452	70	528												
7/10/2022											2,437	503	257	485												
8/10/2022											2,162	19		186												
9/10/2022											2,329	0	-196	169												
10/10/2022											2,694	452	122	459												
11/10/2022											2,579	431	111	518												
12/10/2022											2,555	405	104	461												
13/10/2022											2,507	423	150	472												
14/10/2022											2,406	430	142	450												
15/10/2022											2,284	22		198												
16/10/2022											2,460	0		169												
17/10/2022											2,629	441	74	516												
18/10/2022											2,630	475	95	511												
19/10/2022											2,571	448	141	502												
20/10/2022											2,484	403	131	490												
21/10/2022											2,440	428	342	485												
22/10/2022											2,155	0		164												
23/10/2022											2,319	0		154												
24/10/2022											2,473	0	-164	202												
25/10/2022											2,839	376	97	459												
26/10/2022											2,825	361	99	448												
27/10/2022											2,813	402	82	511												
28/10/2022											2,840	386	179	451												
29/10/2022											2,726	3		209												
30/10/2022											2,932	0	24	173												
31/10/2022											3,081	474	121	491												
1/11/2022											2,977	434	87	502			13 headcount									
2/11/2022											2,958	425	160	493			4 TLs									
3/11/2022											2,866	393	174	502			1 CCT									
4/11/2022											2,801	456		464			Total: 18									
5/11/2022											2,809			186												
6/11/2022											2,995	10	46	158												
7/11/2022											3,097	458	60	508												
8/11/2022											3,087	398	187	523												
9/11/2022											3,025	454	174	508												
10/11/2022											2,905	442	147	517												
11/11/2022											2,833	447		422												
12/11/2022											2,808	1		182												
13/11/2022											2,989	6	224	161												
14/11/2022											2,920	403	39	535												
15/11/2022											3,013	417	126	602												
16/11/2022											3,072	454	78	593												
17/11/2022											3,133	456	-88	448												
18/11/2022											3,037	465		455												
19/11/2022											3,027	17		181												
20/11/2022											3,191	42	-99	178												
21/11/2022											3,228	471	-152	521												
22/11/2022											3,126	529	-144	511												
23/11/2022											2,964	508	-182	537												
24/11/2022											2,811	409	-139	477												
25/11/2022											2,740	411		457												
26/11/2022											2,786	43		175												
27/11/2022											2,918	0	-95	194												
28/11/2022											3,017	488	100	516												
29/11/2022											2,901	389	100	554												
30/11/2022											2,825	452	100	483												
1/12/2022											2,819	475	100	520												
2/12/2022											2,713	457	100	543												
3/12/2022											2,799	26		192												
4/12/2022											2,965	7		206												
5/12/2022											3,060	435	100	610												
6/12/2022											3,145	450	100	532												
7/12/2022											3,038	410	100	480												
8/12/2022											2,921	469	100	515												
9/12/2022											2,972	493	100	455												
10/12/2022											2,934	19		197												
11/12/2022											3,112	0		219												
12/12/2022											3,021	486	100	528												
13/12/2022											3,181	538	100	503												
14/12/2022											3,085	498	100	513												
15/12/2022											2,956	467	100	482												
16/12/2022											2,851	518	100	535												
17/12/2022											2,624	59		234												
18/12/2022											2,799	22		193												
19/12/2022											2,970	511	100	473												
20/12/2022											2,955	508	100	550												
21/12/2022											2,862	421	100	534												
22/12/2022											2,772	470	100	535												
23/12/2022											2,807	504	100	444												
24/12/2022											2,747	0		178												
25/12/2022											2,925	0		110												
26/12/2022											3,035	2		182												
27/12/2022											3,215	520	100	625												
28/12/2022											3,055	498	100	558												
29/12/2022											2,965	435	100	585												
30/12/2022											2,945	356	100	545												
31/12/2022											3,134	20	100	201												
1/1/2023											3,315	5	100	345	2023	708										
2/1/2023											3,655	14		588		315										
3/1/2023											4,229	501	100	867		708										
4/1/2023											4,348	526	100	819		708										
5/1/2023											4,621	531	100	778		708										
6/1/2023											4,762	527	100	686		708										
7/1/2023											4,921	389		289		315										
8/1/2023											4,821	301		258		315										
9/1/2023											4,466	654	100	662		708										
10/1/2023											4,422	854	100	655		708										
11/1/2023											3,959	733	100	698		708										
12/1/2023											3,803	671	100	661		708										
13/1/2023											3,745	567	100	536		708										
14/1/2023											3,714	333		289		315										
15/1/2023											3,670	189		219		315										
16/1/2023											3,202	495	100	588		708										
17/1/2023											3,204	635	100	573		708										
18/1/2023											3,120	588	100	539		708										
19/1/2023											2,659	569	100	543		708										
20/1/2023											2,775	330	100	587		708										
21/1/2023											2,482	179		20		315										
22/1/2023											2,641	94		0		315										
23/1/2023											2,735	165		11		315										
24/1/2023											2,889	211		5		315										
25/1/2023											3,095	508	100	539		708										
26/1/2023											2,962	571	100	558		708										
27/1/2023											2,946	500	100	597		708										
28/1/2023											3,038	4		243		315										
29/1/2023											3,281	1		196		315										
30/1/2023											3,477	644	100	682		708										
31/1/2023											3,477	685	100	631		708										
1/2/2023											3,054	573	100	727		614										
2/2/2023											3,282	574	100	672		614										
3/2/2023											2,857	573	100	523		614										
4/2/2023											2,807	0		242		256										
5/2/2023											3,049	0		209		256										
6/2/2023											3,145	617	100	601		614										
7/2/2023											2,948	592	100	599		614										
8/2/2023											2,907	515	100	509		614										
9/2/2023											2,746	589	100	838		614										
10/2/2023											2,830	634	100	853		614										
11/2/2023											3,049	0		308		256										
12/2/2023											3,357	0		365		256										
13/2/2023											3,394	588	100	719		614										
14/2/2023											3,340	642	100	694		614										
15/2/2023											3,565	681	100	726		614										
16/2/2023											3,488	674	100	736		614										
17/2/2023											3,391	663	100	620		614										
18/2/2023											3,348	2		280		256										
19/2/2023											3,626	7		275		256										
20/2/2023											3,786	568	100	590		614										
21/2/2023											3,624	593	100	655		614										
22/2/2023											3,596	507	100	523		614										
23/2/2023											3,505	552	100	509		614										
24/2/2023											3,153	494	100	496		614										
25/2/2023											3,155	18		219		256										
26/2/2023											3,356	27		222		256										
27/2/2023											3,291	502	100	552		614										
28/2/2023											2,884	493	100	576		614										
1/3/2023											3,130	419	100	508		633										
2/3/2023											3,094	439	100	569		633										
3/3/2023											3,140	571	100	471		633										
4/3/2023											3,040	27		222		256										
5/3/2023											3,235	8		238		256										
6/3/2023											3,351	561	100	590		633										
7/3/2023											3,228	562	100	672		633										
8/3/2023											3,218	390	100	767		633										
9/3/2023											3,484	711	100	810		633										
10/3/2023											3,463	629	100	699		633										
11/3/2023											3,533	12		270		256										
12/3/2023											3,791	6		255		256										
13/3/2023											3,834	611	100	610		633										
14/3/2023											3,719	655	100	657		633										
15/3/2023											3,425	664	100	574		633										
16/3/2023											3,202	525	100	611		633										
17/3/2023											3,205	628	100	520		633										
18/3/2023											3,097	27		218		256										
19/3/2023											3,288	1		225		256										
20/3/2023											3,394	509	100	571		633										
21/3/2023											3,420	574	100	599		633										
22/3/2023											3,312	582	100	541		633										
23/3/2023											3,168	480	100	497		633										
24/3/2023											3,115	512	100	482		633										
25/3/2023											3,288	16		189		256										
26/3/2023											3,477	0		189		256										
27/3/2023											3,260	531	100	539		633										
28/3/2023											3,246	489	100	579		633										
29/3/2023											3,220	504	100	513		633										
30/3/2023											3,086	507	100	441		633										
31/3/2023											2,703	381	100	439		633										
1/4/2023											2,761	4	100	220		248										
2/4/2023											2,977	2	100	204		248										
3/4/2023											2,993	509	100	508		613										
4/4/2023											3,140	580	100	506		613										
5/4/2023											2,992	488	100	535		613										
6/4/2023											3,117	448	100	522		613										
7/4/2023											3,191	0	100	228		248										
8/4/2023											3,419	0	100	170		248										
9/4/2023											3,589	10	100	164		248										
10/4/2023											3,692	648	100	560		613										
11/4/2023											3,637	726	100	490		613										
12/4/2023											3,191	563	100	534		613										
13/4/2023											3,021	553	100	500		613										
14/4/2023											2,870	578	100	480		613										
15/4/2023											2,772	0	100	231		248										
16/4/2023											3,003	2	100	208		248										
17/4/2023											3,137	524	100	525		613										
18/4/2023											3,039	564	100	515		613										
19/4/2023											2,903	547	100	493		613										
20/4/2023											2,711	570	100	479		613										
21/4/2023											2,480	486	100	392		613										
22/4/2023											2,386	9	100	165		248										
23/4/2023											2,542	1	100	181		248										
24/4/2023											2,603	467	100	456		613										
25/4/2023											2,532	498	100	519		613										
26/4/2023											2,479	454	100	511		613										
27/4/2023											2,457	442	100	434		613										
28/4/2023											2,341	460	100	433		613										
29/4/2023											2,314	9	100	195		248										
30/4/2023											2,500	1	100	127		248										
1/5/2023											2,484	0	100	216		216										
2/5/2023											2,700	495	100	516		561										
3/5/2023											2,698	501	100	484		561										
4/5/2023											2,464	415	100	441		561										
5/5/2023											2,516	412	100	464		561										
6/5/2023											2,568	9	100	216		216										
7/5/2023											2,754	1	100	187		216										
8/5/2023											2,831	513	100	517		561										
9/5/2023											2,736	445	100	493		561										
10/5/2023											2,688	492	100	500		561										
11/5/2023											2,481	462	100	466		561										
12/5/2023											2,332	525	100	445		561										
13/5/2023											2,252	10	100	215		216										
14/5/2023											2,457	1	100	184		216										
15/5/2023											2,494	506	100	485		561										
16/5/2023											2,345	487	100	443		561										
17/5/2023											2,107	458	100	462		561										
18/5/2023											1,923	451	100	428		561										
19/5/2023											1,795	346	100	406		561										
20/5/2023											1,855	0	100	210		216										
21/5/2023											2,065	0	100	276		216										
22/5/2023											2,280	447	100	501		561										
23/5/2023											2,250	445	100	468		561										
24/5/2023											2,105	410	100	491		561										
25/5/2023											2,131	410	100	480		561										
26/5/2023											2,007	450	100	435		561										
27/5/2023											1,992	11	100	197		216										
28/5/2023											2,189	6	100	205		216										
29/5/2023											2,277	406	100	511		561										
30/5/2023											2,230	491	100	466		561										
31/5/2023											2,052	402	100	490		561										
1/6/2023											1,995	359	100	415		505										
2/6/2023											2,051	0	100	242		505										
3/6/2023											2,293	0	100	195		184										
4/6/2023											2,494	1	100	201		184										
5/6/2023											2,615	418	100	487		505										
6/6/2023											2,601	371	100	522		505										
7/6/2023											2,713	403	100	525		505										
8/6/2023											2,675	428	100	464		505										
9/6/2023											2,577	568	100	397		505										
10/6/2023											2,406	0	100	221		184										
11/6/2023											2,627	0	100	201		184										
12/6/2023											2,666	452	100	469		505										
13/6/2023											2,511	416	100	456		505										
14/6/2023											2,355	448	100	424		505										
15/6/2023											2,180	437	100	469		505										
16/6/2023											2,109	442	100	445		505										
17/6/2023											2,112	2	100	205		184										
18/6/2023											2,315	0	100	183		184										
19/6/2023											2,376	352	100	484		505										
20/6/2023											2,376	340	100	427		505										
21/6/2023											2,266	433	100	385		505										
22/6/2023											2,137	339	100	420		505										
23/6/2023											2,083	441	100	383		505										
24/6/2023											2,025	0	100	233		184										
25/6/2023											2,258	0	100	171		184										
26/6/2023											2,249	464	100	435		505										
27/6/2023											2,165	392	100	387		505										
28/6/2023											2,105	428	100	408		505										
29/6/2023											2,085	0	100	253		184										
30/6/2023											2,186	359	100	358		505										
1/7/2023											2,185	0	100	188		175										
2/7/2023											2,373	0	100	162		175										
3/7/2023											2,391	427	100	477		494										
4/7/2023											2,423	404	100	486		494										
5/7/2023											2,423	338	100	471		494										
6/7/2023											2,455	403	100	503		494										
7/7/2023											2,481	425	100	507		494										
8/7/2023											2,563	0	100	225		175										
9/7/2023											2,788	0	100	230		175										
10/7/2023											2,887	457	100	524		494										
11/7/2023											2,852	382	100	479		494										
12/7/2023											2,766	447	100	428		494										
13/7/2023											2,647	456	100	456		494										
14/7/2023											2,555	501	100	413		494										
15/7/2023											2,467	5	100	239		175										
16/7/2023											2,701	11	100	219		175										
17/7/2023											2,735	392	100	448		494										
18/7/2023											2,571	470	100	434		494										
19/7/2023											2,372	472	100	408		494										
20/7/2023											2,196	405	100	408		494										
21/7/2023											2,022	374	100	322		494										
22/7/2023											1,970	0	100	195		175										
23/7/2023											2,165	0	100	163		175										
24/7/2023											2,269	350	100	378		494										
25/7/2023											2,107	391	100	423		494										
26/7/2023											2,017	386	100	446		494										
27/7/2023											1,951	358	100	403		494										
28/7/2023											1,855	378	100	443		494										
29/7/2023											1,920	1	100	194		175										
30/7/2023											2,113	2	100	184		175										
31/7/2023											2,191	312	100	400		494										
1/8/2023											2,158	370	100	433		466										
2/8/2023											2,088	378	100	391		466										
3/8/2023											1,964	386	100	374		466										
4/8/2023											1,837	450	100	367		466										
5/8/2023											1,754	1	100	184		175										
6/8/2023											1,937	0	100	185		175										
7/8/2023											2,028	378	100	394		466										
8/8/2023											1,835	412	100	449		466										
9/8/2023											1,872	2	100	264		466										
10/8/2023											2,034	344	100	433		466										
11/8/2023											1,996	296	100	356		466										
12/8/2023											2,056	1	100	191		175										
13/8/2023											2,246	0	100	214		175										
14/8/2023											2,315	418	100	451		466										
15/8/2023											2,182	451	100	405		466										
16/8/2023											2,025	471	100	405		466										
17/8/2023											1,869	389	100	458		466										
18/8/2023											1,808	414	100	356		466										
19/8/2023											1,750	3	100	193		175										
20/8/2023											1,919		100	172		175										
21/8/2023											2,051	450	100	494		466										
22/8/2023											2,024	434	100	438		466										
23/8/2023											1,912	367	100	418		466										
24/8/2023											1,847	335	100	392		466										
25/8/2023											1,834	383	100	345		466										
26/8/2023											1,796	0	100	176		175										
27/8/2023											1,972	0	100	189		175										
28/8/2023											1,992	374	100	427		466										
29/8/2023											1,887	379	100	397		466										
30/8/2023											1,791	371	100	345		466										
31/8/2023											1,647	372	100	297		466										
1/9/2023											1,572	0	100	192		494										
2/9/2023											1,714	2	100	144		148										
3/9/2023											1,856	0	100	142		148										
4/9/2023											1,868	332	100	408		494										
5/9/2023											1,908	377	100	429		494										
6/9/2023											1,768	397	100	442		494										
7/9/2023											1,692	357	100	441		494										
8/9/2023											1,723	334	100	353		494										
9/9/2023											1,742	0	100	184		148										
10/9/2023											1,926	0	100	169		148										
11/9/2023											1,977	432	100	416		494										
12/9/2023											1,775	359	100	397		494										
13/9/2023											1,719	409	100	373		494										
14/9/2023											1,579	471	100	396		494										
15/9/2023											1,389	294	100	338		494										
16/9/2023											1,306	0	100	211		148										
17/9/2023											1,475	2	100	171		148										
18/9/2023											1,733	438	100	476		494										
19/9/2023											1,595	409	100	426		494										
20/9/2023											1,540	306	100	428		494										
21/9/2023											1,553	297	100	452		494										
22/9/2023											1,577	323	100	345		494										
23/9/2023											1,072	0	100	182		148										
24/9/2023											1,228	2	100	158		148										
25/9/2023											1,783	370	100	388		494										
26/9/2023											1,718	390	100	417		494										
27/9/2023											1,626	369	100	358		494										
28/9/2023											1,507	401	100	397		494										
29/9/2023											1,390	361	100	355		494										
30/9/2023											1,384	0	100	175		148										
1/10/2023											1,559	0	100	158		170										
2/10/2023											1,532	356	100	386		425										
3/10/2023											1,413	314	100	399		425										
4/10/2023											1,342	358	100	387		425										
5/10/2023											1,219	306	100	354		425										
6/10/2023											1,169	299	100	339		425										
7/10/2023											1,209	0	100	170		185										
8/10/2023											1,379	0	100	188		185										
9/10/2023											1,458	403	100	456		485										
10/10/2023											1,477	344	100	335		485										
11/10/2023											1,184	422	100	395		485										
12/10/2023											1,327	355	100	390		485										
13/10/2023											1,251	299	100	340		485										
14/10/2023											1,292	0	100	163		185										
15/10/2023											1,497	4	100	209		185										
16/10/2023											1,616	413	100	394		485										
17/10/2023											1,413	387	100	388		485										
18/10/2023											1,350	301	100	361		485										
19/10/2023											1,304	366	100	435		485										
20/10/2023											1,300	254	100	362		485										
21/10/2023											1,408	0	100	155		185										
22/10/2023											1,563	0	100	181		185										
23/10/2023											1,742	399	100	381		485										
24/10/2023											1,544	395	100	405		485										
25/10/2023											1,332	377	100	384		485										
26/10/2023											1,361	302	100	390		485										
27/10/2023											1,325	364	100	332		485										
28/10/2023											1,293	0	100	197		185										
29/10/2023											1,491	0	100	148		185										
30/10/2023											1,638	385	100	378		485										
31/10/2023											1,454	378	100	349		485										
1/11/2023											1,280	401	100	380		506	430 closed									
2/11/2023											1,169	311	100	388		506										
3/11/2023											1,154	286	100	340		506										
4/11/2023											1,208		100	156		177										
5/11/2023											1,363	1	100	138		177										
6/11/2023											1,400	368	100	498		506										
7/11/2023											1,386	369	100	468		506										
8/11/2023											1,370	327	100	390		506										
9/11/2023											1,307	372	100	332		506										
10/11/2023											1,118	310	100	314		506										
11/11/2023											1,122		100	148		177										
12/11/2023											1,270		100	161		177										
13/11/2023											1,431		100	235		177										
14/11/2023											1,617	408	100	409		506										
15/11/2023											1,525	422	100	524		506										
16/11/2023											1,650	356	100	400		506										
17/11/2023											1,677	348	100	443		506										
18/11/2023											1,772		100	213		177										
19/11/2023											1,985		100	188		177										
20/11/2023											2,150	523	100	505		506										
21/11/2023											2,033	617	100	500		506	430 target closure rate									
22/11/2023											1,912	543		477		506										
23/11/2023											1,761	460	100	432		506										
24/11/2023											1,642	439	100	473		506					Nov 	Actual	Forecasted			
25/11/2023											1,676		100	184		177		New cases	445		New cases	432	506			
26/11/2023											1,860	4	100	173		177		Weekend	178		Weekend	177	177			
27/11/2023											1,957	460	100	416		506		Case closed	437		Case closed	413	430			
28/11/2023											1,835	458	100	466		506										
29/11/2023											1,747	427	100	442		506										
30/11/2023											1,665	462	100	484		506										
1/12/2023											1,539	378	100	417		529	480 target case closure									
2/12/2023											1,577	0	100	265		190										
3/12/2023											1,842	3	100	199		190										
4/12/2023											2,001	522	100	514		529		New cases	485							
5/12/2023											1,864	483	100	480		529		Weekend	222							
6/12/2023											1,744	502	100	471		529		Case closed	498							
7/12/2023											1,589	543	100	488		529										
8/12/2023											1,471	439	100	471		529										
9/12/2023											1,503		100	225		190										
10/12/2023											1,728		100	200		190										
11/12/2023											1,818	485	100	537		529										
12/12/2023											1,746	451	100	448		529										
13/12/2023											1,683	411	100	431		529										
14/12/2023											1,642	449	100	458		529										
15/12/2023											1,553	438	100	403		529			456							
16/12/2023											1,518	3	100	269		190										
17/12/2023											1,784	11	100	210		190										
18/12/2023											1,875	354	100	523		529										
19/12/2023											1,961	503	100	490		529						1758				
20/12/2023											1,855	421	100	450		529						2212				
21/12/2023											1,783	452	100	446		529										
22/12/2023											1,751	468	100	420		529										
23/12/2023											1,603	0	100	207		190										
24/12/2023											1,896	0	100	148		190										
25/12/2023											1,910	7	100	163		190										
26/12/2023											2,059	528	100	507		529	480 case closed forecast									
27/12/2023											1,851	440	100	514		529										
28/12/2023											1,831	447	100	498		529										
29/12/2023											1,780	426	100	401		529										
30/12/2023											1,755		100	232		190										
31/12/2023											1,987		100	186		190										
1/1/2024											2,173	3	100	406	2024	190										
2/1/2024											2,524	488	100	733		627	580 cases to be closed daily									
3/1/2024											2,619	529	100	615		627	Avg case closed based on last week's rate 460									
4/1/2024											2,599	575	100	710		627										
5/1/2024											2,602	441	100	507		627										
6/1/2024											2,668		100	294		235	580									
7/1/2024											2,899		100	305		235			530		618					
8/1/2024											3,048	747	100	566		627			460		530					
9/1/2024											2,700	676	100	536		627										
10/1/2024											2,475	565	100	508		627										
11/1/2024											2,299	659	100	471		627										
12/1/2024											2,050	510	100	508		627			627 (forecast)	680 (Target)						
13/1/2024											2,048		100	260		235										
14/1/2024											2,308	4	100	222		235			new cases	cases closed						
15/1/2024											2,470	530	100	541		627		last week's average 	518	631						
16/1/2024											2,286	569	100	594		627		Weekend	241							
17/1/2024											2,158	554	100	556		627		Open bal 22/1 	2143							
18/1/2024											1,980	589	100	504		627		current avg	578	577						
19/1/2024											1,797	440	100	445		627		Weekend	271							
20/1/2024											1,802		100	224		235		Open bal 22/1 								
21/1/2024											2,026	5	100	223		235										
22/1/2024											2,153	566	100	565		627										
23/1/2024											2,002	491	100	475		627										
24/1/2024											1,790	448	100	502		627										
25/1/2024											1,771	473	100	471		627		week to date  avg	503							
26/1/2024											1,666	365	100	412		627		week to date closure	494							
27/1/2024											1,713		100	260		235		weekly weekend avg  	224							
28/1/2024											1,973		100	214		235		month to date avg	255							
29/1/2024											2,106	434	100	490		627										
30/1/2024											1,966	456	100	474		627		Avg MTD  531								
31/1/2024											1,899	479	100	468		627		Avg weekend 267								
1/2/2024											1,752	508		418		636		MTD avg case closed 537								
2/2/2024											1,550	389		406		636										
3/2/2024											1,567	2		181		265										
4/2/2024											1,746	13		208		265										
5/2/2024											1,809	435		522		636										
6/2/2024											1,807	420		459		636		453 last wk's avg closure								
7/2/2024											1,676	391		392		636		451 new cases								
8/2/2024											1,521	442		373		636		194 wkend new cases								
9/2/2024											1,284	292		215		CNY half day										
10/2/2024											1,207			92		265	open bal 2692									
11/2/2024											1,299			118		265										
12/2/2024											1,417	2		195		265										
13/2/2024											1,604	483		352		636										
14/2/2024											1,334	439		431		636										
15/2/2024											1,329	330		451		636										
16/2/2024											1,379	339		460		636						433				
17/2/2024											1,500			311		265										
18/2/2024											1,811			272		265		265								
19/2/2024											2,023	413		727		636		527								
20/2/2024											2,199	462		614		636										
21/2/2024											2,184	412		597		636										
22/2/2024											2,242	653		571		636										
23/2/2024											2,106	388		430		636										
24/2/2024											2,148			257		265										
25/2/2024											2,405			295		265										
26/2/2024											2,622	542		674		636										
27/2/2024											2,638	544		611		636										
28/2/2024											2,597	555		544		636										
29/2/2024											2,404	493		514		636										
1/3/2024											2,418	515		491		576										
2/3/2024											2,394			260		226										
3/3/2024											2,654	8		242		226										
4/3/2024											2,782	445		603												
5/3/2024											2,848	590		642		620										
6/3/2024											2,744	480		669												
7/3/2024											2,844	472		567												
8/3/2024											2,778	511		463												
9/3/2024											2,730	20		245		246										
10/3/2024											2,955	2		264												
11/3/2024											3,020	480		535												
12/3/2024											2,930	402		490												
13/3/2024											2,821	592		457												
14/3/2024											2,584	561		402												
15/3/2024											2,298	480		456												
16/3/2024											2,486	6		234												
17/3/2024											2,714			224												
18/3/2024											2,950	523		482												
19/3/2024											2,786	465		490												
20/3/2024											2,737	410		390												
21/3/2024											2,521	429		428												
22/3/2024											2,499	432		406		332 (case closure)										
23/3/2024											2,473	11		211												
24/3/2024											2,673			214												
25/3/2024											2,737	466		445		489										
26/3/2024											2,508	497		435												
27/3/2024											2,242	360		462												
28/3/2024											2,267	401		363												
29/3/2024											2,229	59		232												
30/3/2024											2,402	43		197												
31/3/2024											2,556	4		198												
1/4/2024											2,580	500		487		494										
2/4/2024											2,351	369		565												
3/4/2024											2,463	473		449												
4/4/2024											2,213	386		373												
5/4/2024											2,349	394		342												
6/4/2024											2,297	14		233		190										
7/4/2024											2,516	5		216												
8/4/2024											2,318	455		464												
9/4/2024											2,186	411		418												
10/4/2024											2,193	33		224												
11/4/2024											2,224	444		369												
12/4/2024											2,044	340		403												
13/4/2024											2,107			204												
14/4/2024											2,311	2		218												
15/4/2024											2,431	425		440												
16/4/2024											2,291	352		400												
17/4/2024											2,211	385		379												
18/4/2024											2,048	363		450												
19/4/2024											1,927	450		345												
20/4/2024											1,822	1		200												
21/4/2024											2,021			170												
22/4/2024											2,163	410		406												
23/4/2024											2,039	369		393												
24/4/2024											1,929	390		401												
25/4/2024											1,813	370		375												
26/4/2024											1,725	392		409												
27/4/2024											1,742			199												
28/4/2024											1,941	1		187												
29/4/2024											2,016	426		414												
30/4/2024											1,861	368		398												
1/5/2024											1,891	0		260												
2/5/2024											2,099	355		414												
3/5/2024											2,070	362		348												
4/5/2024											2,056	3		176												
5/5/2024											2,229			203												
6/5/2024											2,258	442		497												
7/5/2024											2,164	263		449												
8/5/2024											2,243	401		443												
9/5/2024											2,185	426		374												
10/5/2024											1,980	410		344												
11/5/2024											1,914			187												
12/5/2024											2,101			186												
13/5/2024											2,141	465		372			May 2024 Forecast: Using past 2 weeks figures									
14/5/2024											1,948	331		310												
15/5/2024											1,861	294		532			2023 May:		2024 May:							
16/5/2024											1,951	396		427			453 cases closed/wd		384 cases closed/wd							
17/5/2024											1,831	417		338			472 new cases/wd		409 new cases/wd							
18/5/2024											1,752			161			212 new cases/nwd		202 new cases/nwd							
19/5/2024											1,910			154												
20/5/2024											1,959	488		339												
21/5/2024											1,681	349		348												
22/5/2024											1,680	28		252												
23/5/2024											1,847	381		355												
24/5/2024											1,696	382		307												
25/5/2024											1,621			138												
26/5/2024											1,759	2		133												
27/5/2024											1,781	386		438												
28/5/2024											1,717	323		447												
29/5/2024											1,742	357		458												
30/5/2024											1,712	247		434												
31/5/2024											1,835	387		371												
1/6/2024											1,819			243												
2/6/2024											2,062	2		209												
3/6/2024											2,161	347		514												
4/6/2024											2,278	375		423												
5/6/2024											2,120	346		397												
6/6/2024											2,123	328		411												
7/6/2024											2,129	463		451												
8/6/2024											2,117			218												
9/6/2024											2,335	1		179			Jun 2024 Forecast: Using past 2 weeks figures									
10/6/2024											2,468	371		476												
11/6/2024											2,373	383		375			2023 Jun:		2024 Jun:							
12/6/2024											2,207	377		443			414 cases closed/wd		375 cases closed/wd							
13/6/2024											2,168	353		409			438 new cases/wd		428 new cases/wd							
14/6/2024											2,038	362		377			211 new cases/nwd		208 new cases/nwd							
15/6/2024											2,053	0		183												
16/6/2024											2,236	2		168			2023 Jul:		2024 Jul:							
17/6/2024											2,402	0		239			406 cases closed/wd		NA							
18/6/2024											2,564	372		442			441 new cases/wd									
19/6/2024											2,436	363		449			200 new cases/nwd									
20/6/2024											2,427	387		430												
21/6/2024											2,232	429		406												
22/6/2024											2,209			241												
23/6/2024											2,450			200												
24/6/2024											2,521	453		448												
25/6/2024											2,273	389		397												
26/6/2024											2,231	326		474												
27/6/2024											2,229	334		407												
28/6/2024											2,151	378		334												
29/6/2024											2,107	0		19								Discrepancy Calculation				
30/6/2024											2,124	0		202								Theoretical OB		Actual OB delta		Avg wd discrep (disregard 1-5 Jul)
1/7/2024											2,320	333		679								2,326		6		203
2/7/2024											2,487	369		530								2,666		179		
3/7/2024											2,403	300		451								2,648		245		
4/7/2024											2,335	291		520								2,554		219		
5/7/2024											2,454	315		420								2,564		110		
6/7/2024											2,559	16		199								2,559		0		
7/7/2024											2,742	0		175								2,742		0		
8/7/2024											2,667	324		530								2,917		250		
9/7/2024											2,787	346		460								2,873		86		
10/7/2024											2,871	223		450								2,901		30		
11/7/2024											2,754	215		477								3,098		344		
12/7/2024											2,836	309		373								3,016		180		
13/7/2024											2,900	14		132								2,900		0		
14/7/2024											3,018	0		177								3,018		0		
15/7/2024											2,994	297		480								3,195		201		
16/7/2024											3,076	298		492								3,177		101		
17/7/2024											3,026	281		633								3,270		244		
18/7/2024											3,284	311		443								3,378		94		
19/7/2024											3,088	326		379								3,416		328		
20/7/2024											3,119	8		172								3,141		22		
21/7/2024											3,290	16		152								3,283		-7		
22/7/2024											3,077	375		513			Jul - Aug 2024 Forecast: Using past 2 weeks figures					3,426		349		
23/7/2024											3,120	406		441								3,215		95		
24/7/2024											2,857	338		495			2023 Jul:		2024 Jul (disregard 1-5 Jul):			3,155		298		
25/7/2024											2,822	318		502			406 cases closed/wd		309 cases closed/wd			3,014		192		
26/7/2024											2,817	294		334			441 new cases/wd		465 new cases/wd			3,006		189		
27/7/2024											2,858	0		171			200 new cases/nwd		166 new cases/nwd			2,857		-1		
28/7/2024											3,029	1		151								3,029		0		
29/7/2024											2,907	286		439			2023 Aug:		2024 Aug:			3,179		272		
30/7/2024											2,900	296		442			392 cases closed/wd		NA			3,060		160		
31/7/2024											2,887	368		358			401 new cases/wd					3,046		159		
1/8/2024											2,664	349		411			188 new cases/nwd					2,877		213		
2/8/2024											2,598	387		372								2,726		128		
3/8/2024											2,583	170		174								2,583		0		
4/8/2024											2,587	73		120								2,587		0		
5/8/2024											2,439	298		389								2,634		195		
6/8/2024											2,342	320		380								2,530		188		
7/8/2024											2,320	345		405								2,402		82		
8/8/2024											2,226	309		422								2,380		154		
9/8/2024											2,339	0		147								2,339		0		
10/8/2024											2,486	0		146								2,486		0		
11/8/2024											2,632	0		143								2,632		0		
12/8/2024											2,619	232		421								2,775		156		
13/8/2024											2,714	245		384								2,808		94		
14/8/2024											2,626	304		403								2,853		227		
15/8/2024											2,496	364		422								2,725		229		
16/8/2024											2,441	315		317								2,554		113		
17/8/2024											2,443	1		173								2,443		0		
18/8/2024											2,615	0		148			Aug - Sep 2024 Forecast: Using past 1 month's figures					2,615		0		Avg wd discrep (disregard 1-5 Jul)
19/8/2024											2,627	256		505								2,763		136		178
20/8/2024											2,797	296		424			2023 Aug:		2024 mid-Jul to mid-Aug:			2,876		79		
21/8/2024											2,681	319		509			392 cases closed/wd		320 cases closed/wd			2,925		244		
22/8/2024											2,777	316		396			401 new cases/wd		418 new cases/wd			2,871		94		
23/8/2024											2,650	331		329			188 new cases/nwd		154 new cases/nwd			2,857		207		
24/8/2024											2,648	1		153								2,648		0		
25/8/2024											2,800	0		173			2023 Sep:		2024 Sep:			2,800		0		
26/8/2024											2,750	270		372			371 cases closed/wd		NA			2,973		223		
27/8/2024											2,685	299		386			402 new cases/wd					2,852		167		
28/8/2024											2,588	367		374			173 new cases/nwd					2,772		184		
29/8/2024											2,350	349		306								2,595		245		
30/8/2024											2,097	254		342								2,307		210		
31/8/2024											2,185	0		191								2,185		0		
1/9/2024											2,376	0		164								2,376		0		
2/9/2024											2,407	305		408								2,540		133		
3/9/2024											2,294	309		440								2,510		216		
4/9/2024											2,253	327		381								2,425		172		
5/9/2024											2,061	322		378								2,307		246		
6/9/2024											2,002	325		317			Aug - Sep 2024 Forecast: Using past 1 month's figures					2,117		115		
7/9/2024											1,994	0		189								1,994		0		
8/9/2024											2,183	0		149			2023 Sep:		2024 mid-Aug to mid-Sep:			2,183		0		
9/9/2024											2,184	281		448			389 cases closed/wd		304 cases closed/wd			2,332		148		
10/9/2024											2,256	273		371			392 new cases/wd		384 new cases/wd			2,351		95		
11/9/2024											2,153	279		353			173 new cases/nwd		168 new cases/nwd			2,354		201		
12/9/2024											2,097	269		343								2,227		130		
13/9/2024											1,962	314		325			2023 Oct:					2,171		209		
14/9/2024											1,973	0		191			354 cases closed/wd					1,973		0		
15/9/2024											2,164	0		147			379 new cases/wd					2,164		0		
16/9/2024											2,253	258		385			174 new cases/nwd					2,311		58		Avg WD discrep (1 Aug - 16 Sep)
17/9/2024											2,135	295		277								2,380		245		168
18/9/2024											1,918	277		331								2,117		199		
19/9/2024											1,902	305		334								1,972		70		
20/9/2024											1,712	316		319								1,931		219		
21/9/2024											1,715	0		194								1,715		0		
22/9/2024											1,909	0		164								1,909		0		
23/9/2024											2,018	280		425								2,073		55		
24/9/2024											1,905	299		330								2,163		258		
25/9/2024											1,844	258		363								1,936		92		
26/9/2024											1,884	326		389								1,949		65		
27/9/2024											1,831	292		328								1,947		116		
28/9/2024											1,871	2		124								1,867		-4		
29/9/2024											1,991	2		154								1,993		2		
30/9/2024											2,145	276		433								2,143		-2		
1/10/2024											2,102	311		441			Oct - Nov 2024 Forecast: Using past 1 month's figures					2,302		200		
2/10/2024											2,114	292		382								2,232		118		
3/10/2024											2,083	297		380			2023 Oct:		2024 mid-Sep to mid-Oct:			2,204		121		
4/10/2024											2,023	327		364			354 cases closed/wd		282 cases closed/wd			2,166		143		
5/10/2024											2,060	1		185			379 new cases/wd		371 new cases/wd			2,060		0		
6/10/2024											2,244	0		176			174 new cases/nwd		159 new cases/nwd			2,244		0		
7/10/2024											2,312	238		394								2,420		108		
8/10/2024											2,235	321		477			2023 Nov:					2,468		233		
9/10/2024											2,281	275		403			413 cases closed/wd		18.75	add. MSHL enq/wd		2,391		110		
10/10/2024											2,212	215		359			432 new cases/wd		5.39%	of 371		2,409		197		
11/10/2024											2,262	253		282			177 new cases/nwd		396.97			2,356		94		
12/10/2024											2,291	6		142					173.31			2,291		0		
13/10/2024											2,427	0		129								2,427		0		
14/10/2024											2,435	212		396								2,556		121		Avg WD discrep (18 Sep - 14 Oct)
15/10/2024											2,542	269		442								2,619		77		130
16/10/2024											2,566	238		415								2,715		149		
17/10/2024											2,584	279		377								2,743		159		
18/10/2024											2,556	304		338								2,682		126		
19/10/2024											2,590	0		153								2,590		0		
20/10/2024											2,743	0		129								2,743		0		
21/10/2024											2,772	302		382								2,872		100		
22/10/2024											2,674	368		323								2,852		178		
23/10/2024											2,599	373		344								2,629		30		
24/10/2024											2,463	261		338								2,570		107		
25/10/2024											2,431	320		303								2,540		109		
26/10/2024											2,414	0		153								2,414		0		
27/10/2024											2,567	2		132								2,567		0		
28/10/2024											2,643	337		392								2,697		54		
29/10/2024											2,651	336		376								2,698		47		
30/10/2024											2,586	329		340								2,691		105		
31/10/2024											2,597	5		192								2,597		0		
1/11/2024											2,632	277		299								2,784		152		
2/11/2024											2,654	0		146								2,654		0		
3/11/2024											2,800	22		117								2,800		0		
4/11/2024											2,819	328		357								2,895		76		
5/11/2024											2,742	276		375								2,848		106		
6/11/2024											2,691	281		332								2,841		150		
7/11/2024											2,604	311		350								2,742		138		
8/11/2024											2,523	330		273								2,643		120		
9/11/2024											2,469	1		145								2,466		-3		
10/11/2024											2,613	3		149								2,613		0		
11/11/2024											2,615	245		395								2,759		144		
12/11/2024											2,682	253		303								2,765		83		
13/11/2024											2,593	269		328								2,732		139		
14/11/2024											2,511	289		406								2,652		141		
15/11/2024											2,533	281		325								2,628		95		
16/11/2024											2,577	0		199								2,577		0		
17/11/2024											2,776	21		135								2,776		0		
18/11/2024											2,717	213		393								2,890		173		
19/11/2024											2,813	229		360								2,897		84		
20/11/2024											2,764	322		364								2,944		180		
21/11/2024											2,737	294		316								2,806		69		
22/11/2024											2,562	275		265								2,759		197		
23/11/2024											2,552	3		123								2,552		0		
24/11/2024											2,672	10		117								2,672		0		
25/11/2024											2,680	277		396								2,779		99		
26/11/2024											2,709	318		339								2,799		90		
27/11/2024											2,592	280		328								2,730		138		
28/11/2024											2,504	302		320								2,640		136		
29/11/2024											2,413	291		288								2,522		109		
30/11/2024											2,410	3		142								2,410		0		
1/12/2024											2,549	3		99								2,549		0		
2/12/2024											2,475	268		352								2,645		170		
3/12/2024											2,442	285		341								2,559		117		
4/12/2024											2,303	318		282								2,498		195		
5/12/2024											2,212	257		344								2,267		55		
6/12/2024											2,184	283		280								2,299		115		
7/12/2024											2,181	0		171								2,181		0		
8/12/2024											2,352	2		170								2,352		0		
9/12/2024											2,368	300		369								2,520		152		
10/12/2024											2,357	315		301								2,437		80		
11/12/2024											2,221	285		389								2,343		122		
12/12/2024											2,242	243		436								2,325		83		
13/12/2024											2,296	310		383								2,435		139		
14/12/2024											2,369	0		181								2,369		0		
15/12/2024											2,550	0		149								2,550		0		
16/12/2024											2,594	214		405								2,699		105		
17/12/2024											2,669	213		540								2,785		116		
18/12/2024											2,884	243		402								2,996		112		
19/12/2024											2,948	308		379								3,043		95		
20/12/2024											2,884	276		300								3,019		135		
21/12/2024											2,908	0		166								2,908		0		
22/12/2024											3,074	16		133								3,074		0		
23/12/2024											3,059	270		413								3,191		132		
24/12/2024											3,135	189		236								3,202		67		
25/12/2024											3,182	3		134								3,182		0		
26/12/2024											3,167	275		375								3,313		146		
27/12/2024											3,188	241		317								3,267		79		
28/12/2024											3,264	0		183								3,264		0		
29/12/2024											3,447	23		130								3,447		0		
30/12/2024											3,427	358		404								3,554		127		
31/12/2024											3,258	220		263								3,473		215		
1/1/2025											3,301	0		1391	2025							3,301		0		
2/1/2025											4,446	492		677								4,692		246		
3/1/2025											4,609	778		470								4,631		22		
4/1/2025											4,301	233		257								4,301		0		
5/1/2025											4,325	126		272								4,325		0		
6/1/2025											4,083	294		594								4,471		388		
7/1/2025											4,393	313		463								4,383		-10		
8/1/2025											4,374	385		439								4,543		169		
9/1/2025											4,285	443		418								4,428		143		
10/1/2025											4,057	401		360								4,260		203		
11/1/2025											4,016	50		148								4,016		0		
12/1/2025											4,114	44		133								4,114		0		
13/1/2025											3,933	396		460								4,203		270		
14/1/2025											3,933	371		415								3,997		64		
15/1/2025											3,838	381		435								3,977		139		
16/1/2025											3,738	350		406								3,892		154		
17/1/2025											3,693	347		266								3,794		101		
18/1/2025											3,612	0		141								3,612		0		
19/1/2025											3,753	15		155								3,753		0		
20/1/2025											3,586	359		494								3,893		307		
21/1/2025											3,629	361		498								3,721		92		
22/1/2025											3,622	388		384								3,766		144		
23/1/2025											3,393	399		352								3,618		225		
24/1/2025											3,203	412		252								3,346		143		
25/1/2025											3,043	5		135								3,043		0		
26/1/2025											3,173	2		135								3,173		0		
27/1/2025											2,973	399		289								3,306		333		
28/1/2025											2,717	258		159								2,863		146		
29/1/2025											2,876	25		57								2,618		-258		
30/1/2025											2,933	18		77								2,908		-25		
31/1/2025											2,614	339		234								2,992		378		
1/2/2025											2,509	14		128								2,509		0		
2/2/2025											2,623	40		121								2,623		0		
3/2/2025											2,635	338		402								2,704		69		
4/2/2025											2,630	382		338								2,699		69		
5/2/2025											2,389	330		325								2,586		197		
6/2/2025											2,277	312		325								2,384		107		
7/2/2025											2,223	313		303								2,290		67		
8/2/2025											2,213	0		159								2,213		0		
9/2/2025											2,372	0		163								2,372		0		
10/2/2025											2,425	314		356								2,535		110		
11/2/2025											2,395	326		321								2,467		72		
12/2/2025											2,248	315		248								2,390		142		
13/2/2025											2,094	313		312								2,181		87		
14/2/2025											2,020	296		258								2,093		73		
15/2/2025											1,982	18		146								1,982		0		
16/2/2025											2,110	9		111								2,110		0		
17/2/2025											2,081	349		309								2,212		131		
18/2/2025											1,993	326		299								2,041		48		
19/2/2025											1,861	322		293								1,966		105		
20/2/2025											1,756	306		255								1,832		76		
21/2/2025											1,598	317		224								1,705		107		
22/2/2025											1,505	13		126								1,505		0		
23/2/2025											1,618	11		150								1,618		0		
24/2/2025											1,679	300		352								1,757		78		
25/2/2025											1,645	351		385								1,731		86		
26/2/2025											1,581	315		366								1,679		98		
27/2/2025											1,482	286		388								1,632		150		
28/2/2025											1,521	263		312								1,584		63		
1/3/2025											1,570	0		177								1,570		0		
2/3/2025											1,747	3		155								1,747		0		
3/3/2025											1,735	302		427								1,899		164		
4/3/2025											1,708	292		434								1,860		152		
5/3/2025											1,770	262		410								1,850		80		
6/3/2025											1,754	237		366								1,918		164		
7/3/2025											1,672	281		308								1,883		211		
8/3/2025											1,699	0		159								1,699		0		
9/3/2025											1,858	0		133								1,858		0		
10/3/2025											1,854	303		431								1,991		137		
11/3/2025											1,943	280		408								1,982		39		
12/3/2025											1,911	311		304								2,071		160		
13/3/2025											1,712	342		307								1,904		192		
14/3/2025											1,661	324		275								1,677		16		
15/3/2025											1,612	7		166								1,612		0		
16/3/2025											1,771	0		338								1,771		0		
17/3/2025											2,013	346		375								2,109		96		
18/3/2025											1,820	361		313				Mar - Apr 25 Forecast: Using past 1 month's figures				2,042		222		
19/3/2025											1,718	300		334								1,772		54		
20/3/2025											1,608	372		301				2024 Mar:		2025 mid-Feb to mid-Mar:		1,752		144		
21/3/2025											1,441	241		253				476 cases closed/wd		305 cases closed/wd		1,537		96		
22/3/2025											1,453	10		156				484 new cases/wd		344 new cases/wd		1,453		0		
23/3/2025											1,599	2		120				229 new cases/nwd		147 new cases/nwd		1,599		0		
24/3/2025											1,595	331		294								1,717		122		
25/3/2025											1,480	347		297				2024 Apr:		MSHL REVIEW		1,558		78		
26/3/2025											1,331	355		287				403 cases closed/wd		172 cases for April forecasted by DMT		1,430		99		
27/3/2025											1,191	341		371				413 new cases/wd				1,263		72		
28/3/2025											1,164	323		349				206 new cases/nwd				1,221		57		
29/3/2025											1,190	0		212						ESB CREDITING		1,190		0		
30/3/2025											1,402	0		151						5% - In Dec 24, it was 10.5% increase in new cases for RSB + MB + increased RSTU/Wdl enquiries		1,402		0		
31/3/2025											1,553	0		154								1,553		0		
1/4/2025											1,635	300		426								1,707		72		
2/4/2025											1,538	236		384								1,761		223		
3/4/2025											1,497	349		349								1,686		189		
4/4/2025											1,308	304		263								1,497		189		
5/4/2025											1,267	0		162								1,267		0		
6/4/2025											1,429	0		160								1,429		0		
7/4/2025											1,419	288		367								1,589		170		
8/4/2025											1,388	286		318								1,498		110		
9/4/2025											1,289	318		323								1,420		131		
10/4/2025											1,222	288		275								1,294		72		
11/4/2025											1,089	228		258								1,209		120		
12/4/2025											1,119	0		127								1,119		0		
13/4/2025											1,246	2		130								1,246		0		
14/4/2025											1,291	244		328								1,374		83		
15/4/2025											1,283	212		306								1,375		92		
16/4/2025											1,271	283		340								1,377		106		
17/4/2025											1,238	297		278								1,328		90		
18/4/2025											1,219	1		105								1,219		0		
19/4/2025											1,323	0		95								1,323		0		
20/4/2025											1,418	0		98				Apr - May 25 Forecast: Using past 1 month's figures				1,418		0		
21/4/2025											1,400	271		308								1,516		116		
22/4/2025											1,308	229		265				2024 Apr:		2025 mid-Mar to mid-Apr:		1,437		129		
23/4/2025											1,267	214		287				403 cases closed/wd		302 cases closed/wd		1,344		77		
24/4/2025											1,246	265		258				413 new cases/wd		321 new cases/wd		1,340		94		
25/4/2025											1,168	269		268				206 new cases/nwd		155 new cases/nwd		1,239		71		
26/4/2025											1,167	7		140								1,167		0		
27/4/2025											1,300	8		131				2024 May:				1,300		0		
28/4/2025											1,374	231		347				374 cases closed/wd				1,423		49		
29/4/2025											1,378	231		322				397 new cases/wd				1,490		112		
30/4/2025											1,348	224		303				185 new cases/nwd				1,469		121		
1/5/2025											1,427	0		181								1,427		0		
2/5/2025											1,499	232		297								1,608		109		
3/5/2025											1,564	0		118								1,564		0		
4/5/2025											1,682	0		119								1,682		0		
5/5/2025											1,646	263		273								1,801		155		
6/5/2025											1,368	232		295								1,656		288		
7/5/2025											1,366	254		264								1,431		65		
8/5/2025											1,300	270		271								1,376		76		
9/5/2025											1,225	228		221								1,301		76		
10/5/2025											1,218	0		107								1,218		0		
11/5/2025											1,325	0		69								1,325		0		
12/5/2025											1,394	2		150								1,394		0		
13/5/2025											1,483	245		316								1,542		59		
14/5/2025											1,495	235		299								1,554		59		
15/5/2025											1,463	275		313								1,559		96		
16/5/2025											1,384	272		272				Jun - Jul 25 Forecast: Using past 1 month's figures				1,501		117		
17/5/2025											1,384	8		122								1,384		0		
18/5/2025											1,498	0		129				2024 Jun:		2025 mid-May to mid-Jun:		1,498		0		
19/5/2025											1,521	262		381				376 cases closed/wd		245 cases closed/wd		1,627		106		
20/5/2025											1,524	258		268				424 new cases/wd		293 new cases/wd		1,640		116		
21/5/2025											1,395	244		311				191 new cases/nwd		126 new cases/nwd		1,534		139		
22/5/2025											1,386	248		260								1,462		76		
23/5/2025											1,249	233		254				2024 Jul:				1,398		149		
24/5/2025											1,271	0		117				314 cases closed/wd				1,270		-1		
25/5/2025											1,388	0		97				458 new cases/wd				1,388		0		
26/5/2025											1,408	269		315				166 new cases/nwd				1,485		77		
27/5/2025											1,346	264		307								1,454		108		
28/5/2025											1,271	216		330								1,389		118		
29/5/2025											1,296	288		294								1,385		89		
30/5/2025											1,179	215		257								1,302		123		
31/5/2025											1,221	0		161								1,221		0		
1/6/2025											1,382	0		177								1,382		0		
2/6/2025											1,425	217		322								1,559		134		
3/6/2025											1,369	221		302								1,530		161		
4/6/2025											1,323	263		264								1,450		127		
5/6/2025											1,228	234		254								1,324		96		
6/6/2025											1,174	251		269								1,248		74		
7/6/2025											1,192	0		123								1,192		0		
8/6/2025											1,315	0		130								1,315		0		
9/6/2025											1,337	211		309								1,445		108		
10/6/2025											1,269	238		282								1,435		166		
11/6/2025											1,203	249		260								1,313		110		
12/6/2025											1,116	237		306								1,214		98		
13/6/2025											1,110	215		241								1,185		75		
14/6/2025											1,136	0		172								1,136		0		
15/6/2025											1,308	2		124								1,308		0		
16/6/2025											1,359	246		298								1,430		71		
17/6/2025											1,287	243		295								1,411		124		
18/6/2025											1,217	215		301								1,339		122		
19/6/2025											1,219	231		257								1,303		84		
20/6/2025											1,124	249		219								1,245		121		
21/6/2025											1,094	1		129								1,094		0		
22/6/2025											1,222	1		99								1,222		0		
23/6/2025											1,232	258		275								1,320		88		
24/6/2025											1,173	259		291								1,249		76		
25/6/2025											1,096	233		295								1,205		109		
26/6/2025											1,050	243		201								1,158		108		
27/6/2025											976	209		236								1,008		32		
28/6/2025											1,003	0		89								1,003		0		
29/6/2025											1,092	0		112								1,092		0		
30/6/2025											1,127	263		293								1,204		77		
1/7/2025											1,049	251		299								1,157		108		
2/7/2025											1,012	253		268								1,097		85		
3/7/2025											886	268		279								1,027		141		
4/7/2025											830	235		267								897		67		
5/7/2025											862	0		122								862		0		
6/7/2025											984	2		173								984		0		
7/7/2025											1,075	219		347								1,155		80		
8/7/2025											1,021	202		306								1,203		182		
9/7/2025											1,027	231		336								1,125		98		
10/7/2025											1,047	250		326				Jul - Aug 25 Forecast: Using past 1 month's figures				1,132		85		
11/7/2025											997	233		240								1,123		126		
12/7/2025											1,004	4		126				2024 Jul:		2025 mid-Jun to mid-Jul:		1,004		0		
13/7/2025											1,126	0		115				314 cases closed/wd		238 cases closed/wd		1,126		0		
14/7/2025											1,107	239		342				471 new cases/wd		283 new cases/wd		1,241		134		
15/7/2025											1,144	212		312				166 new cases/nwd		128 new cases/nwd		1,210		66		
16/7/2025											1,086	215		444								1,244		158		
17/7/2025											1,236	302		331				2024 Aug:		Ops Home Base Incident (Healthcare, SSS)		1,315		79		
18/7/2025											1,001	285		233				311 cases closed/wd		5% - no vol data yet		1,265		264		
19/7/2025											950	0		106				394 new cases/wd		297.15		949		-1		
20/7/2025											1,056	11		100	1,315			157 new cases/nwd		134.4		1,056		0		
21/7/2025											967	237		315								1,145		178		
22/7/2025											936	222		255								1,045		109		
23/7/2025											853	264		243								969		116		
24/7/2025											744	230		220								832		88		
25/7/2025											691	201		240								734		43		
26/7/2025											730	0		119								730		0		
27/7/2025											849	0		108								849		0		
28/7/2025											892	228		256								957		65		
29/7/2025											805	235		281								920		115		
30/7/2025											764	215		247								851		87		
31/7/2025											699	251		172								796		97		
1/8/2025											700	227		237								620		-80		
2/8/2025											710	0		129								710		0		
3/8/2025											839	0		137								839		0		
4/8/2025											932	188		280								976		44		
5/8/2025											883	234		278								1,024		141		
6/8/2025											854	277		257								927		73		
7/8/2025											735	211		265								834		99		
8/8/2025											699	250		206								789		90		
9/8/2025											655	11		132								655		0		
10/8/2025											776	2		154								776		0		
11/8/2025											805	212		222								928		123		
12/8/2025											900	226		261								815		-85		
13/8/2025											753	244		245								935		182		
14/8/2025											705	205		297								754		49		
15/8/2025											748	206		220				Aug - Sep 25 Forecast: Using past 1 month's figures				797		49		
16/8/2025											762	0		158								762		0		
17/8/2025											920	0		130				2024 Aug:		2025 mid-Jul to mid-Aug:		920		0		
18/8/2025											943	233	75	266				311 cases closed/wd		233 cases closed/wd						
19/8/2025											901	233	75	266				394 new cases/wd		266 new cases/wd						
20/8/2025											859	233	75	293				157 new cases/nwd		127 new cases/nwd						
21/8/2025											844	233	75	293												
22/8/2025											829	233	75	293				2024 Sep:		MRSS						
23/8/2025											814			140				295 cases closed/wd		292.6						
24/8/2025											954			140				366 new cases/wd		139.7						
25/8/2025											1,094	233	75	293				164 new cases/nwd								
26/8/2025											1,079	233	75	293						284.62						
27/8/2025											1,064	233	75	285						135.89						
28/8/2025											1,041	233	75	285												
29/8/2025											1,018	233	75	285						279.3						
30/8/2025											995			136						133.35						
31/8/2025											1,131			136												
1/9/2025											1,267	233	75	285												
2/9/2025											1,244	233	75	285												
3/9/2025											1,221	233	75	279												
4/9/2025											1,192	233	75	279												
5/9/2025											1,163	233	75	279												
6/9/2025											1,134			133												
7/9/2025											1,267			133												
8/9/2025											1,400															
9/9/2025											1,400															
10/9/2025											1,400															
11/9/2025											1,400															
12/9/2025											1,400															
13/9/2025											1,400															
14/9/2025											1,400															
15/9/2025											1,400															
16/9/2025											1,400															
17/9/2025											1,400															
18/9/2025											1,400															
19/9/2025											1,400															
20/9/2025											1,400															
21/9/2025											1,400															
22/9/2025											1,400															
23/9/2025											1,400															
24/9/2025											1,400															
25/9/2025											1,400															
26/9/2025											1,400															
27/9/2025											1,400															
28/9/2025											1,400															
29/9/2025											1,400															
30/9/2025											1,400															
1/10/2025											1,400															
2/10/2025											1,400															
3/10/2025											1,400															
4/10/2025											1,400															
5/10/2025											1,400															
6/10/2025											1,400															
7/10/2025											1,400															
8/10/2025											1,400															
9/10/2025											1,400															
10/10/2025											1,400															
11/10/2025											1,400															
12/10/2025											1,400															
13/10/2025											1,400															
14/10/2025											1,400															
15/10/2025											1,400															
16/10/2025											1,400															
17/10/2025											1,400															
18/10/2025											1,400															
19/10/2025											1,400															
20/10/2025											1,400															
21/10/2025											1,400															
22/10/2025											1,400															
23/10/2025											1,400															
24/10/2025											1,400															
25/10/2025											1,400															
26/10/2025											1,400															
27/10/2025											1,400															
28/10/2025											1,400															
29/10/2025											1,400															
30/10/2025											1,400															
31/10/2025											1,400															
1/11/2025											1,400															
2/11/2025											1,400															
3/11/2025											1,400															
4/11/2025											1,400															
5/11/2025											1,400															
6/11/2025											1,400															
7/11/2025											1,400															
8/11/2025											1,400															
9/11/2025											1,400															
10/11/2025											1,400															
11/11/2025											1,400															
12/11/2025											1,400															
13/11/2025											1,400															
14/11/2025											1,400															
15/11/2025											1,400															
16/11/2025											1,400															
17/11/2025											1,400															
18/11/2025											1,400															
19/11/2025											1,400															
20/11/2025											1,400															
21/11/2025											1,400															
22/11/2025											1,400															
23/11/2025											1,400															
24/11/2025											1,400															
25/11/2025											1,400															
26/11/2025											1,400															
27/11/2025											1,400															
28/11/2025											1,400															
29/11/2025											1,400															
30/11/2025											1,400															
1/12/2025											1,400															
2/12/2025											1,400															
3/12/2025											1,400															
4/12/2025											1,400															
5/12/2025											1,400															
6/12/2025											1,400															
7/12/2025											1,400															
8/12/2025											1,400															
9/12/2025											1,400															
10/12/2025											1,400															
11/12/2025											1,400															
12/12/2025											1,400															
13/12/2025											1,400															
14/12/2025											1,400															
15/12/2025											1,400															
16/12/2025											1,400															
17/12/2025											1,400															
18/12/2025											1,400															
19/12/2025											1,400															
20/12/2025											1,400															
21/12/2025											1,400															
22/12/2025											1,400															
23/12/2025											1,400															
24/12/2025											1,400															
25/12/2025											1,400															
26/12/2025											1,400															
27/12/2025											1,400															
28/12/2025											1,400															
29/12/2025											1,400															
30/12/2025											1,400															
31/12/2025											1,400															
1/1/2026											1,400															
2/1/2026											1,400				2026											
3/1/2026											1,400															
